25
1 1 1 1 0 1 1 1 1 1 1 1 1 1 1 1 1 1 1 1 1 1 1 1 1 
1 1 1 1 0 1 1 1 1 0 0 0 0 1 1 1 1 1 0 0 0 0 0 0 1 
1 0 0 0 0 0 0 1 1 0 1 1 1 1 0 1 1 1 0 1 1 1 1 1 1 
1 1 1 1 1 1 0 1 1 0 1 1 1 1 0 0 0 0 0 0 0 0 0 1 1 
1 1 1 1 1 1 0 1 1 0 1 1 1 1 0 1 1 0 1 1 1 1 0 1 1 
1 1 0 0 0 0 0 1 1 0 1 1 1 1 0 1 1 0 0 0 0 1 0 1 1 
1 1 1 1 1 1 0 1 1 0 0 0 0 0 0 1 1 1 1 1 1 1 0 1 1 
1 1 1 1 1 1 0 1 1 1 1 0 1 1 0 1 1 1 1 0 0 0 0 1 1 
1 1 0 0 0 0 0 1 1 1 1 0 1 1 0 0 0 1 1 0 0 1 1 1 1 
1 1 1 0 1 1 0 1 1 1 1 0 1 1 1 1 0 1 1 1 1 1 1 1 1 
1 1 1 0 1 1 0 0 0 0 0 0 1 1 1 1 0 1 1 1 1 1 1 1 1 
1 0 0 0 1 1 1 1 1 1 1 0 1 1 0 0 0 0 0 0 0 0 0 0 1 
1 0 1 0 0 0 1 1 1 1 1 0 1 1 1 1 0 1 1 0 1 1 1 1 1 
1 0 1 0 1 1 1 1 1 1 1 1 1 1 1 1 1 1 1 0 1 1 1 1 1 
1 0 1 0 0 0 0 0 1 1 0 0 0 0 0 0 0 0 0 0 1 1 0 1 1 
1 0 1 0 1 1 1 1 1 1 0 1 1 1 1 1 0 1 1 0 1 1 0 1 1 
1 0 1 1 1 1 1 1 1 1 0 1 1 1 1 1 0 1 1 0 0 0 0 0 1 
1 0 0 0 0 0 0 0 0 0 0 1 1 0 1 1 0 1 1 0 1 1 1 1 1 
1 1 0 1 1 0 1 1 1 1 0 1 1 0 0 0 0 1 1 0 0 0 0 0 0 
1 1 0 1 1 0 1 1 1 1 0 0 0 0 1 1 0 1 1 0 1 1 0 1 1 
1 1 0 1 1 1 1 1 1 1 1 1 1 0 1 1 0 1 1 0 1 1 0 1 1 
1 1 0 1 1 1 0 0 0 0 0 0 0 0 1 1 0 1 1 0 1 1 0 1 1 
1 1 0 1 1 1 1 1 1 0 1 1 1 0 1 1 0 1 1 0 1 1 1 1 1 
1 1 1 1 0 0 0 0 0 0 1 1 1 0 1 1 0 0 0 0 0 0 1 1 1 
1 1 1 1 1 1 1 1 1 0 1 1 1 0 1 1 1 1 1 1 1 1 1 1 1 
48
24 13
23 13
22 13
21 13
20 13
19 13
18 13
18 14
18 15
18 16
17 16
16 16
15 16
14 16
14 17
14 18
14 19
13 19
12 19
11 19
11 18
11 17
11 16
10 16
9 16
8 16
8 15
8 14
7 14
6 14
5 14
4 14
3 14
3 15
3 16
3 17
3 18
3 19
3 20
3 21
3 22
4 22
5 22
6 22
7 22
7 21
7 20
7 19
